Size in Sq.mm.
Core
Cables Code
List Price
Discount
Net Price (100 Mtr )
Net Price Per Mtr
0.5
1
Y
2030
60
812
0.81
0.75
1
Y
2865
60
1146
1.15
1
1
Y
3545
60
1418
1.42
1.5
1
Y
5080
60
2032
20.32
2.5
1
Y
8405
60
3362
33.62
4
1
Y
13025
60
5210
52.10
6
1
Y
19500
60
7800
78.00
10
1
Y
34200
60
13680
136.80
16
1
Y
52600
60
21040
210.40
25
1
Y
81800
60
32720
327.20
35
1
Y
114400
60
45760
457.60
50
1
Y
163100
60
65240
652.40
70
1
Y
230600
60
92240
922.40
95
1
Y
304100
60
121640
1216.40
120
1
Y
400000
60
160000
1600.00
150
1
Y
500500
60
200200
200.20
185
1
Y
634600
60
253840
253.84
240
1
Y
812700
60
325080
325.08
300
1
Y
1016900
60
406760
406.76
400
1
Y
1355100
60
542040
542.04
500
1
Y
1695300
60
678120
678.12
630
1
Y
2186400
60
874560
874.56
0.5
2
Y
5300
60
2120
2.12
0.75
2
Y
7060
60
2824
28.24
1
2
Y
8845
60
3538
35.38
1.5
2
Y
12100
60
4840
48.40
Copper Flexible
Copper Flexible
2.5
2
Y
19700
60
7880
78.80
4
2
Y
28800
60
11520
115.20
6
2
Y
42400
60
16960
169.60
10
2
Y
71700
60
28680
28.68
16
2
Y
113800
60
45520
455.20
25
2
Y
188700
60
75480
75.48
35
2
Y
262500
60
105000
105.00
50
2
Y
372600
60
149040
149.04
70
2
Y
528700
60
211480
211.48
95
2
Y
60
0
0.00
120
2
Y
60
0
0.00
150
2
Y
60
0
0.00
185
2
Y
60
0
0.00
240
2
Y
60
0
0.00
300
2
Y
60
0
0.00
400
2
Y
60
0
0.00
500
2
Y
60
0
0.00
630
2
Y
60
0
0.00
0.5
3
Y
7140
60
2856
2.86
0.75
3
Y
9625
60
3850
38.50
1
3
Y
12180
60
4872
48.72
1.5
3
Y
17200
60
6880
68.80
2.5
3
Y
27200
60
10880
108.80
4
3
Y
41300
60
16520
165.20
6
3
Y
60500
60
24200
24.20
10
3
Y
105300
60
42120
42.12
16
3
Y
165800
60
66320
66.32
25
3
Y
274100
60
109640
109.64
35
3
Y
380600
60
152240
152.24
50
3
Y
542300
60
216920
216.92
70
3
Y
752400
60
300960
300.96
95
3
Y
1046100
60
418440
418.44
120
3
Y
1328400
60
531360
531.36
150
3
Y
1660500
60
664200
664.20
185
3
Y
2044900
60
817960
817.96
240
3
Y
2639800
60
1055920
1055.92
300
3
Y
3293900
60
1317560
1317.56
400
3
Y
4388900
60
1755560
1755.56
500
3
Y
60
0
0.00
630
3
Y
60
0
0.00
0.5
4
Y
9045
60
3618
3.62
0.75
4
Y
12305
60
4922
49.22
1
4
Y
15620
60
6248
62.48
1.5
4
Y
21900
60
8760
87.60
2.5
4
Y
36300
60
14520
145.20
4
4
Y
54500
60
21800
218.00
6
4
Y
79900
60
31960
319.60
10
4
Y
139000
60
55600
556.00
16
4
Y
218100
60
87240
872.40
25
4
Y
358400
60
143360
143.36
35
4
Y
501400
60
200560
200.56
50
4
Y
715900
60
286360
286.36
70
4
Y
994900
60
397960
397.96
95
4
Y
1380100
60
552040
552.04
120
4
Y
1753100
60
701240
701.24
150
4
Y
2191700
60
876680
876.68
185
4
Y
2702800
60
1081120
1081.12
240
4
Y
3494200
60
1397680
1397.68
300
4
Y
4361800
60
1744720
1744.72
400
4
Y
5777500
60
2311000
2311.00
500
4
Y
60
0
0.00
630
4
Y
60
0
0.00
0.5
5
Y
11375
60
4550
4.55
0.75
5
Y
16100
60
6440
6.44
1
5
Y
20800
60
8320
8.32
1.5
5
Y
28400
60
11360
113.60
2.5
5
Y
46100
60
18440
184.40
4
5
Y
72900
60
29160
291.60
6
5
Y
107200
60
42880
42.88
10
5
Y
185000
60
74000
74.00
16
5
Y
283000
60
113200
113.20
25
5
Y
513700
60
205480
205.48
35
5
Y
704200
60
281680
281.68
50
5
Y
1019400
60
407760
407.76
70
5
Y
1394200
60
557680
557.68
95
5
Y
60
0
0.00
120
5
Y
60
0
0.00
150
5
Y
60
0
0.00
185
5
Y
60
0
0.00
240
5
Y
60
0
0.00
300
5
Y
60
0
0.00
400
5
Y
60
0
0.00
500
5
Y
60
0
0.00
630
5
Y
60
0
0.00
0.5
6
Y
13650
60
5460
5.46
0.75
6
Y
19550
60
7820
7.82
1
6
Y
25000
60
10000
10.00
1.5
6
Y
34400
60
13760
13.76
2.5
6
Y
55700
60
22280
22.28
4
6
Y
87300
60
34920
349.20
6
6
Y
128900
60
51560
51.56
